1BG13CS001 55 78 76 57 82 69 60 63 540 Pass
1BG13CS002 54 59 71 59 59 59 74 66 501 Pass
1BG13CS003 61 76 68 64 70 57 48 56 500 Pass
1BG13CS004 50 68 73 60 90 80 57 62 540 Pass
1BG13CS005 60 73 80 54 62 62 50 69 510 Pass
1BG13CS006 84 76 75 92 88 72 43 69 599 Pass
1BG13CS007 72 85 89 55 92 75 54 66 588 Pass
1BG13CS008 78 82 77 66 73 71 58 63 568 Pass
1BG13CS009 48 51 54 36 62 54 54 71 430 Fail
1BG13CS010 66 56 50 62 50 85 57 53 479 Fail
1BG13CS011 50 61 59 61 72 60 41 60 464 Pass
1BG13CS012 92 92 92 80 94 97 73 71 691 Pass
1BG13CS013 88 101 94 86 89 90 73 70 691 Pass
1BG13CS014 42 47 53 54 36 28 45 47 352 Fail
1BG13CS015 87 87 77 89 96 96 70 71 673 Pass
1BG13CS016 100 105 91 80 113 84 72 71 716 Pass
1BG13CS017 86 76 90 76 96 67 62 71 624 Pass
1BG13CS018 62 60 77 60 67 69 47 58 500 Pass
1BG13CS019 76 87 69 75 75 83 58 66 589 Pass
1BG13CS020 58 66 80 53 67 59 47 67 497 Pass
1BG13CS022 62 70 74 59 77 53 55 70 520 Pass
1BG13CS023 87 86 93 78 103 76 74 73 670 Pass
1BG13CS024 71 74 71 58 81 82 47 66 550 Pass
1BG13CS025 62 79 77 60 50 66 55 70 519 Fail
1BG13CS026 59 78 79 55 70 79 54 69 543 Pass
1BG13CS027 78 89 101 84 97 85 71 71 676 Pass
1BG13CS028 71 84 91 56 74 65 48 71 560 Pass
1BG13CS029 57 64 71 68 52 58 37 39 446 Pass
1BG13CS030 76 93 82 77 89 98 69 74 658 Pass
1BG13CS031 76 83 81 69 85 77 53 67 591 Pass
1BG13CS032 61 83 58 66 80 75 44 66 533 Pass
1BG13CS033 50 60 57 42 50 50 45 63 417 Fail
1BG13CS034 80 80 81 90 92 82 70 69 644 Pass
1BG13CS035 56 65 80 71 67 74 62 67 542 Pass
1BG13CS036 79 69 95 71 81 66 66 68 595 Pass
1BG13CS037 50 90 76 54 59 65 50 67 511 Fail
1BG13CS038 74 86 59 88 77 86 58 55 583 Pass
1BG13CS039 72 76 96 71 97 97 55 65 629 Pass
1BG13CS040 69 73 78 50 63 53 53 61 500 Pass
1BG13CS041 74 71 70 86 74 72 72 41 560 Pass
1BG13CS042 70 71 66 50 75 72 55 63 522 Pass
1BG13CS043 63 58 61 61 72 53 44 64 476 Pass
1BG13CS044 51 64 70 70 89 82 72 71 569 Pass
1BG13CS045 75 62 77 61 65 74 58 67 539 Pass
1BG13CS046 75 92 77 87 93 84 56 70 634 Pass
1BG13CS047 74 77 101 72 84 75 64 71 618 Pass
1BG13CS048 82 105 69 84 100 76 55 64 635 Pass
1BG13CS049 50 55 52 50 64 54 46 62 433 Pass
1BG13CS051 62 78 82 56 72 66 59 66 541 Pass
1BG13CS053 50 53 70 58 88 66 44 66 495 Pass
1BG13CS054 66 63 57 31 65 43 54 43 422 Fail
1BG13CS055 72 63 91 72 90 61 49 69 567 Pass
1BG13CS056 71 79 66 54 62 49 63 64 508 Fail
1BG13CS057 98 88 95 80 100 84 58 72 675 Pass
1BG13CS058 83 97 85 76 83 79 68 67 638 Pass
1BG13CS059 99 89 94 81 107 102 73 73 718 Pass
1BG13CS060 83 96 114 77 82 86 72 72 682 Pass
1BG13CS061 73 64 94 64 87 77 71 63 593 Pass
1BG13CS062 66 91 74 66 73 74 66 64 574 Pass
1BG13CS063 73 104 90 88 83 84 72 71 665 Pass
1BG13CS064 88 103 100 72 88 72 69 68 660 Pass
1BG13CS065 69 70 85 63 70 77 68 66 568 Pass
1BG13CS067 90 92 86 75 86 89 70 69 657 Pass
1BG13CS068 70 82 82 73 78 82 68 70 605 Pass
1BG13CS070 80 85 60 70 82 70 47 69 563 Pass
1BG13CS071 73 71 105 58 75 89 70 70 611 Pass
1BG13CS072 90 99 96 80 90 87 62 68 672 Pass
1BG13CS073 74 74 88 56 64 72 56 65 549 Pass
1BG13CS074 31 50 35 57 42 31 37 56 339 Fail
1BG13CS075 65 70 79 65 71 72 47 63 532 Pass
1BG13CS076 69 61 56 69 59 56 42 64 476 Pass
1BG13CS078 67 64 77 67 70 61 57 54 517 Pass
1BG13CS079 76 69 53 56 56 50 53 63 476 Pass
1BG13CS081 80 102 89 73 86 63 61 60 614 Pass
1BG13CS082 90 95 86 77 104 82 68 72 674 Pass
1BG13CS083 89 84 92 79 75 80 54 67 620 Pass
1BG13CS084 53 85 75 60 78 68 56 68 543 Pass
1BG13CS085 77 92 85 73 97 71 70 65 630 Pass
1BG13CS086 87 98 98 85 85 88 67 68 676 Pass
1BG13CS087 44 56 69 50 43 53 61 55 431 Fail
1BG13CS088 68 98 84 70 83 80 69 68 620 Pass
1BG13CS089 80 110 98 87 97 86 59 71 688 Pass
1BG13CS090 56 89 79 72 74 56 51 65 542 Pass
1BG13CS091 64 77 86 65 98 94 65 71 620 Pass
1BG13CS092 99 102 89 78 91 94 58 68 679 Pass
1BG13CS093 64 69 64 50 68 54 46 65 480 Pass
1BG13CS094 91 95 81 65 80 82 59 71 624 Pass
1BG13CS095 93 100 95 85 96 86 72 70 697 Pass
1BG13CS096 67 72 88 85 85 78 69 70 614 Pass
1BG13CS097 55 74 92 62 73 62 66 74 558 Pass
1BG13CS098 80 97 90 68 78 70 56 69 608 Pass
1BG13CS099 88 93 95 78 105 81 68 63 671 Pass
1BG13CS100 94 99 96 84 82 96 54 64 669 Pass
1BG13CS101 84 98 92 87 87 88 69 71 676 Pass
1BG13CS102 67 80 85 68 89 78 69 66 602 Pass
1BG13CS103 67 75 52 63 71 58 43 62 491 Pass
1BG13CS105 71 88 78 72 93 81 56 65 604 Pass
1BG13CS106 70 84 78 66 70 71 38 65 542 Pass
1BG13CS107 44 52 59 31 56 56 48 70 416 Fail
1BG13CS108 57 77 80 57 71 65 67 70 544 Pass
1BG13CS109 85 90 81 74 87 82 67 67 633 Pass
1BG13CS110 50 76 69 50 63 58 56 67 489 Pass
1BG13CS111 73 68 77 72 63 82 67 69 571 Pass
1BG13CS112 78 95 74 77 63 66 58 68 579 Pass
1BG13CS113 91 82 84 81 84 86 68 70 646 Pass
1BG13CS114 79 74 55 62 66 57 31 67 491 Fail
1BG13CS115 74 90 73 58 74 69 62 65 565 Pass
1BG13CS116 70 76 91 72 67 60 68 66 570 Pass
1BG13CS117 79 89 88 78 91 84 70 69 648 Pass
1BG13CS118 67 85 85 55 85 79 61 69 586 Pass
1BG13CS119 60 82 48 81 61 66 59 70 527 Fail
1BG13CS120 52 64 71 47 61 45 51 68 459 Fail
1BG13CS123 86 100 87 75 105 87 73 70 683 Pass
1BG13CS124 63 80 69 90 88 73 69 59 591 Pass
1BG13CS125 60 79 68 62 69 70 68 67 543 Pass
1BG13CS126 87 74 56 65 64 50 60 70 526 Fail
1BG14CS400 51 69 73 63 71 60 64 62 513 Pass
1BG14CS401 50 54 63 50 62 17 63 62 421 Pass
1BG14CS403 53 68 59 58 62 57 43 51 451 Pass
1BG14CS404 53 62 74 40 76 59 65 64 493 Fail
1BG14CS406 51 57 69 62 67 56 24 40 426 Fail
1BG14CS407 33 38 47 50 36 58 31 57 350 Fail
1BG14CS410 58 57 43 36 86 39 66 65 450 Fail
1BG14CS411 70 70 74 79 69 59 57 64 542 Pass
1BG14CS412 40 55 72 56 67 38 48 67 443 Fail
1BG14CS413 53 73 77 43 70 58 51 67 492 Fail
1BG14CS416 81 87 83 81 86 72 70 68 628 Pass
1BG14CS418 72 69 73 67 62 47 66 65 521 Fail
1BG14CS419 70 57 60 69 60 43 48 61 468 Fail
1BG14CS420 53 43 54 34 58 53 67 65 427 Fail
1BG14CS421 54 52 52 56 66 52 64 54 450 Pass
1BG14CS422 63 73 73 66 63 68 68 65 539 Pass
1BG14CS423 58 89 46 70 73 51 43 67 497 Fail
 