Node Count : 
24 13 8 13 4 
Weights : 
-0.72 -0.60 -0.23 -0.53 -0.03 -0.03 +0.87 -0.86 -0.56 +0.38 -0.48 +0.93 +0.29 
+0.12 -0.42 +0.06 -0.76 +0.15 -0.25 -0.19 -0.66 -0.82 -0.13 -0.23 +0.64 +0.61 
+0.95 -0.84 +0.08 -0.66 -0.93 -0.31 -0.04 +0.12 -0.94 -0.86 +0.26 +0.42 -0.54 
+0.00 +0.26 +0.99 +0.35 -0.28 -0.27 -0.47 -0.01 -0.84 -0.95 -0.40 +0.91 +0.95 
+0.96 +0.06 -0.98 +0.31 -0.13 +0.25 +0.46 -0.62 +0.90 -0.57 +0.38 -0.86 -0.59 
-0.96 +0.01 -0.05 -0.23 -0.72 -0.92 -0.53 -0.78 -0.66 +0.17 +0.31 +0.02 +0.44 
+0.42 +0.22 -0.69 -0.63 +0.29 -0.70 -0.17 -0.80 +0.89 +0.69 -0.65 +0.90 -0.60 
+0.86 -0.40 -0.53 -0.09 -0.08 -0.28 -0.99 -0.80 +0.70 +0.51 +0.23 -0.44 -0.88 
-0.59 -0.45 +0.76 -0.07 +0.73 +0.12 -0.16 -0.87 -0.61 -0.37 -1.00 +0.28 -0.88 
+0.16 +0.96 -0.87 -0.24 +0.79 -0.47 +0.28 -0.27 -0.79 +0.69 +0.35 -0.78 -0.69 
-0.15 +0.29 -0.02 +0.65 +0.27 -0.03 +0.12 +0.28 -0.32 -0.45 -0.54 +0.40 -0.82 
-0.54 -0.69 +0.58 -0.21 -0.10 -0.05 -0.53 +0.95 +0.85 +0.90 -0.38 +0.04 -0.14 
-0.92 +0.99 +0.67 -0.51 +0.72 +0.54 +0.24 -0.25 +0.68 +0.91 +0.97 +0.58 +0.85 
+0.86 -0.44 -0.13 -0.75 -0.49 -0.05 +0.51 +0.05 +0.43 -0.91 -0.98 -0.31 +0.78 
-0.15 -0.72 +0.77 -0.62 -0.38 -0.96 +0.27 +0.52 +0.54 -0.83 -0.92 +0.40 -0.79 
+0.10 -0.22 -0.94 -0.46 +0.58 -0.18 +0.49 -0.77 -0.38 +0.57 +0.30 -0.19 -1.00 
+0.73 -0.72 +0.05 -0.68 +0.69 +0.73 +0.79 -0.23 -0.93 +0.00 -0.90 +0.25 -0.52 
-0.95 +0.87 +0.66 +0.76 -0.74 +0.09 -0.52 +0.75 +0.02 +0.01 -0.66 -0.37 +0.66 
-0.29 -0.29 -0.63 +0.34 +0.84 +0.79 +0.50 -0.90 -0.85 +0.43 -0.59 -0.69 -0.08 
-0.67 +0.61 -0.87 +0.09 +0.77 +0.75 -0.81 -0.96 -0.06 -0.87 +0.42 -0.75 -0.26 
+0.71 -0.25 -0.34 -0.85 -0.94 -0.17 +0.64 -0.67 +0.52 -0.30 +0.83 +0.94 -0.37 
-0.61 -0.80 +0.15 -0.89 -0.87 -0.71 -0.97 -0.26 -0.99 -0.18 -0.74 -0.37 -0.23 
+0.86 +0.31 -0.49 -0.79 -0.01 +0.16 -0.28 -0.93 -0.70 +0.23 -0.72 -0.45 -0.81 
+0.02 +0.17 +0.86 -0.68 +0.79 +0.35 +0.52 -0.72 -0.03 +0.56 -0.37 -0.98 +0.25 
+0.22 -0.23 +0.63 +0.02 +0.13 -0.06 -0.31 -0.28 
+0.66 +0.27 -0.44 -0.17 -0.83 -0.26 +0.74 +0.81 
+0.37 +0.57 -0.79 -0.44 +0.93 +0.29 +0.02 +0.49 
+0.06 -0.05 +0.71 +0.65 +0.54 +0.42 -0.66 +0.94 
+0.08 +0.29 +0.49 -0.98 -0.19 +0.02 +0.75 -0.17 
+0.91 +0.79 -0.95 -0.08 +0.20 -0.03 -0.20 +0.02 
-0.25 -0.10 +0.88 -0.50 -0.72 -0.89 -0.30 -0.64 
+0.39 +0.83 -0.28 -0.85 +0.20 -0.80 -0.08 +0.47 
+0.22 -0.27 -0.97 +0.66 +0.84 -0.67 +0.29 +0.69 
-0.35 -0.25 +0.26 -0.33 -0.55 +0.76 +0.72 -0.45 
+0.12 -0.69 +0.87 +0.11 +0.89 +0.52 -0.14 +0.83 
+0.45 +0.22 +0.63 +0.47 -0.42 -0.49 +0.22 -0.54 
-0.34 -0.60 -0.70 -0.98 +0.22 -0.41 -0.74 -0.58 
-0.66 -0.41 +0.45 +0.03 +0.14 -0.59 -0.62 -0.72 +0.78 +0.29 -0.34 +0.49 +0.18 
+0.90 +0.33 -0.54 -0.53 +0.84 +0.27 -0.77 +0.18 +0.48 -0.08 -0.46 +0.06 -0.49 
-0.18 -0.40 -0.54 -0.26 +0.93 +0.06 +0.12 -0.31 -0.99 -0.40 +0.93 +0.42 -0.18 
-0.69 +0.40 +0.73 -0.40 +0.14 -0.75 +0.65 +0.39 -0.68 -0.69 +0.53 -0.66 -0.12 
+0.11 -0.70 -0.58 +0.93 +0.43 -0.54 +0.04 +0.23 +0.18 -0.62 -0.81 +0.21 -0.51 
-0.45 +0.18 +0.49 +0.16 -0.81 +0.25 +0.76 +0.29 +0.11 -0.95 -0.90 +0.40 +0.45 
+0.57 -0.96 +0.86 -0.81 -0.51 +0.33 -0.65 -0.10 +0.14 -0.48 -0.64 -0.04 +0.15 
-0.47 +0.79 +0.34 -0.72 -0.38 +0.14 -0.33 -0.44 -0.86 +0.82 -0.11 +0.33 -0.74 
-0.15 +0.42 +0.30 -0.56 
-0.60 -0.43 +0.73 -0.23 
-0.33 -0.45 -0.93 -0.84 
-0.64 +0.41 -0.95 +0.33 
+0.28 +0.58 -1.00 -0.04 
-0.12 +0.51 +0.61 +0.32 
-0.97 +0.41 -0.24 -0.22 
-0.92 +0.05 +0.97 +0.89 
+0.16 -0.24 +0.03 -0.77 
-0.37 +0.71 -0.33 -0.64 
-0.49 -0.59 -0.62 +0.77 
-0.16 +0.90 +0.78 +0.52 
-0.30 +0.78 +0.99 +0.47 
Biases : 
-0.35 +0.72 -0.94 +0.46 +0.80 -0.98 -0.44 +0.30 -0.65 -0.49 +0.88 +0.80 -0.05 
-0.18 +0.45 -0.58 +0.68 -0.54 -0.70 +0.48 -0.53 
-0.15 +0.25 +0.20 +0.85 +0.24 +0.05 -0.74 -0.16 -0.40 -0.21 -0.72 -0.11 +0.58 
-0.41 -0.90 +0.10 +0.01 
